location_name,location_id,2021,2025,2030,2035,2040,2045,2050,Level,Sort Order
Global,1,1066953744.4798794,1146448952.26775,1246106942.7054174,1340358004.2006502,1426065587.6450484,1501573925.524921,1566220419.692793,0,1
"Southeast Asia, East Asia, and Oceania",4,301103997.60157233,318090901.3997988,335369345.9334287,347254763.09024477,353796989.2785248,355660388.20770633,353422850.75444096,1,547
"Central Europe, Eastern Europe, and Central Asia",31,57497012.64771173,58111806.90702247,59190230.61888508,59751605.370943144,59756178.12836546,59350757.763331845,58748667.02676268,1,2
High-income,64,151681708.91426423,156298275.7275656,161300815.42770365,165278516.31395605,168184479.2920637,170007365.816112,170905648.8521675,1,35
Latin America and Caribbean,103,85327652.45602283,91216834.14983204,98350814.24486443,104698520.57530618,109970041.98919864,114050629.69228156,116946385.26822,1,377
North Africa and Middle East,137,69332502.55798236,77144745.76895674,87075428.279629,96841358.21880344,106152174.06359746,114794329.62755744,122681249.36237824,1,479
South Asia,158,313142938.9102758,343103341.2688616,381770092.4936607,419341844.47485065,453708149.74978685,483063014.5874537,506182761.8688781,1,533
Sub-Saharan Africa,166,88867931.39205062,102483047.0457124,123050215.7072465,147191396.15654635,174497575.14351067,204647439.83047935,237332856.55994505,1,701
East Asia,5,226131458.3922714,236797861.20877883,246493379.0453999,251495226.7853467,252074754.1030507,249049318.36294076,243073194.80363816,2,548
Southeast Asia,9,74747686.27608113,81038068.75123292,88578659.46291018,95414473.8462389,101323591.23963048,106152353.34006876,109823680.67231576,2,571
Oceania,21,224852.9332194477,254971.43978759376,297307.4251192081,345062.4586591011,398643.9358431153,458716.504696675,525975.2784869947,2,552
Central Asia,32,9005490.523662504,9710629.816375908,10627773.966887126,11472503.395224107,12202308.837535905,12817787.395919869,13361424.6037439,2,3
Central Europe,42,16809304.95461332,16606474.04860155,16618478.880406843,16453357.571789302,16094375.9585583,15600827.655354235,15038748.98783068,2,13
Eastern Europe,56,31682217.16943593,31794703.042044953,31943977.771591164,31825744.403929707,31459493.332271248,30932142.712057743,30348493.43518811,2,27
High-income Asia Pacific,65,27856862.95443087,28513818.51961375,28954997.4084242,29027065.007113297,28754023.055310927,28199590.591698997,27447241.337429058,2,39
Australasia,70,3979930.377669469,4235668.701249293,4561639.420102224,4892089.62031946,5218067.588242708,5530249.953895413,5824546.37956234,2,36
Western Europe,73,59818460.75973,61045521.7905088,62208729.83019727,63033025.38143662,63596407.28063819,63868477.66286141,63872026.58670465,2,150
Southern Latin America,96,10195931.039253527,10846223.54966195,11646081.781926606,12380410.83277692,13004568.478033474,13476236.640868234,13771342.683163123,2,146
High-income North America,100,49830523.78318026,51657043.16653183,53929366.987053305,55945925.4723096,57611412.88983846,58932810.966788106,59990491.865308225,2,91
Caribbean,104,7100122.6440919535,7424839.460508197,7812012.20701705,8138947.425211688,8396381.780116467,8576002.535932843,8676493.733679313,2,382
Andean Latin America,120,7635405.837187279,8308634.859007643,9147970.539321365,9921397.80353545,10584236.431262013,11114934.518801987,11516123.817344362,2,378
Central Latin America,124,38015444.98286872,40807687.178644784,44366761.010300525,47730728.6454617,50703689.12896123,53144013.7388378,54964856.19512827,2,402
Tropical Latin America,134,32576678.991874915,34675672.651671395,37024070.48822557,38907446.70109736,40285734.64885885,41215678.89870886,41788911.52206796,2,444
North Africa and Middle East,138,69332502.55798236,77144745.76895674,87075428.279629,96841358.21880344,106152174.06359746,114794329.62755744,122681249.36237824,2,480
South Asia,159,313142938.9102758,343103341.2688616,381770092.4936607,419341844.47485065,453708149.74978685,483063014.5874537,506182761.8688781,2,534
Central Sub-Saharan Africa,167,7989259.634546732,9175870.875470197,11012968.717554417,13227420.312829249,15817703.335158356,18738927.302362412,21939515.163108338,2,702
Eastern Sub-Saharan Africa,174,33791770.43833627,39398721.91039446,47953078.76397432,57969113.90263559,69174983.94107352,81427999.99405481,94594774.90938894,2,709
Southern Sub-Saharan Africa,192,3929519.8301529433,4252632.96973183,4750770.363923858,5281759.094870629,5808436.469773629,6307978.176761133,6772078.193455412,2,783
Western Sub-Saharan Africa,199,43157381.489014775,49655821.29011593,59333397.86179373,70713102.84621082,83696451.39750528,98172534.357301,114026488.29399236,2,799
China,6,220238287.3714764,230554916.224577,239889985.74996448,244647264.45366183,245109748.01813975,242092549.36604893,236234807.3181798,3,549
Democratic People's Republic of Korea,7,2234849.090171946,2378188.8525528912,2542755.767428312,2675112.202457367,2768672.9619143223,2821138.717577651,2831376.4142255764,3,550
Taiwan (Province of China),8,3658321.93062322,3864756.1316490825,4060637.528006775,4172850.129227593,4196333.122996884,4135630.279314306,4007011.071232536,3,551
Cambodia,10,1518824.344654632,1668339.7205832042,1883214.777691343,2108829.4985403796,2336263.754864474,2556515.2199977697,2760238.132608126,3,572
Indonesia,11,41014678.70060799,44651166.96487859,48930659.95074467,52764301.02091396,56031455.95693886,58669021.49316409,60652383.622466326,3,573
Lao People's Democratic Republic,12,338619.1064870389,384416.5649709027,445159.9495923559,509616.1549957633,575696.788593958,640906.0897268539,703069.8415292143,3,608
Malaysia,13,2488546.7641415675,2756942.551399968,3130661.4123552735,3519267.484392376,3904292.50322118,4265167.035837891,4583948.115830278,3,609
Maldives,14,38396.23512268613,47084.042181107165,59287.226943796835,72426.61942289726,85673.12357642452,97959.75733794148,108660.71038362602,3,610
Myanmar,15,3646236.089230822,3970268.362751963,4396571.248576076,4828379.271135914,5247438.317460526,5646053.766841594,6014735.8393214755,3,612
Philippines,16,3805439.044476523,4244139.427801541,4846523.723362348,5488765.2018795,6155746.650984401,6817859.960688623,7453366.045638984,3,613
Sri Lanka,17,2022140.0081243156,2168698.44564369,2329989.923638819,2465219.77148255,2570320.453253614,2643134.08304885,2685650.5802978417,3,697
Thailand,18,11829054.229428316,12315787.505590416,12747056.500825305,12950207.997952936,12934962.116293447,12722842.356626691,12335324.069608184,3,698
Timor-Leste,19,61249.604984270285,67726.44762410199,77211.72848817306,88292.333618248507,101397.5267896632,116438.75574490054,133057.12877348924,3,699
Viet Nam,20,7737647.004764401,8507723.043377262,9459320.10699021,10331956.350423647,11082241.047319423,11670897.78324243,12083617.485166209,3,700
Fiji,22,22928.828767146897,24029.66367350243,25390.821916868263,26643.25242524426,27776.565804215177,28823.10238828243,29869.84843259143,3,555
Kiribati,23,1727.5776684386346,1881.0924544481527,2087.102671371063,2303.9124861755886,2518.799868323529,2723.06049084917,2910.897314843108,3,557
Marshall Islands,24,974.8496625673162,1086.5378668475887,1223.240010181066,1360.833058261459,1496.3354798749897,1628.9749162176092,1758.6865873776874,3,558
Micronesia (Federated States of),25,1835.1066464273592,1934.616514811555,2063.0879217017787,2189.4506189754225,2312.216541892463,2433.9416939481534,2557.5211575079743,3,559
Papua New Guinea,26,150395.5108319093,174316.0048544233,209205.1641236237,249160.0802810894,294584.80342243385,346042.9209554926,404099.1002756252,3,564
Samoa,27,3780.9089624143207,4031.036295065401,4384.2693037780955,4788.224174118913,5250.5579986875455,5792.405502899609,6438.927315754426,3,565
Solomon Islands,28,8940.06924158529,9946.677742182052,11325.000491131936,12799.401900046392,14357.368391269192,16004.320811583968,17749.84207528205,3,566
Tonga,29,1985.0021867950848,2071.2744329815823,2199.958668368104,2347.5307277692177,2521.8169703249105,2736.172130119666,3004.9322118468963,3,568
Vanuatu,30,4406.541021224334,4903.452938733008,5629.352290688644,6463.998552399891,7395.23052071304,8425.650102827327,9545.130411307397,3,570
Armenia,33,356734.3549206412,364212.0426290869,372925.5657863809,376823.10714140587,373572.3855190699,363738.52124510607,350439.57159107894,3,4
Azerbaijan,34,1218877.9319455351,1312028.6379619325,1428784.01438421,1531955.8233692148,1611934.7852711794,1663679.4074635194,1689155.7338981754,3,5
Georgia,35,463108.7035288333,461815.0821011505,462354.51255903294,460487.35048364656,455938.7985751692,449992.3231966762,444820.5223091103,3,6
Kazakhstan,36,2066326.1616487063,2180466.256240613,2328767.204476463,2458939.831947878,2563483.5461975867,2652055.3411222603,2737205.549693789,3,7
Kyrgyzstan,37,482441.5922511532,525988.0914738465,583142.1916033687,639974.6063748038,690938.0399685442,734285.2814904482,770951.1289132624,3,8
Mongolia,38,294869.21525133983,328629.89811096754,370078.5570990013,410231.2701646796,450183.7960244499,491124.7299670295,534927.3500914964,3,9
Tajikistan,39,622468.2115643811,706621.1908432004,818854.9330114684,932550.0218134077,1044365.2064189068,1150117.318752765,1250836.3567603517,3,10
Turkmenistan,40,498871.3882053186,542005.276930239,597334.4356907692,651373.9995257102,702239.906772265,749063.0820485619,792338.0145855853,3,11
Uzbekistan,41,3001792.964346597,3288863.3400848657,3665532.552276423,4010167.3844033503,4309652.372788718,4563731.3906335,4790750.375901039,3,12
Albania,43,320795.41722554143,326839.63414012414,336112.2797530314,343379.7924236221,346925.4996785646,346418.92004245066,342158.35647043545,3,14
Bosnia and Herzegovina,44,438060.6631532163,437135.1437411454,433188.06720854505,423958.73258988216,408707.2182742405,389233.132200749,367858.08915092825,3,15
Bulgaria,45,791513.4497193216,761301.4264165328,733853.4222199583,705289.89197477,672468.0016350839,637285.6076922398,602062.9717831286,3,16
Croatia,46,788907.6308057742,777173.5814986465,763361.9339998311,741893.4310824872,710920.2364587403,671951.7924152951,627977.1510225582,3,17
Czechia,47,1637567.385475599,1657840.945993205,1666437.988942927,1652617.049385372,1621056.2818340987,1581113.222088872,1540006.0406559738,3,18
Hungary,48,702307.4510080535,708252.3981742341,715158.8063667242,716266.4308710995,712665.3976792597,707725.1541372221,703559.0186742296,3,19
North Macedonia,49,277591.086516268,283051.79712712346,289778.0330946604,294285.49056191026,293152.1572477934,286902.1630466321,276198.9612283457,3,21
Montenegro,50,78581.38889618158,79338.96960501494,80305.37856049291,80503.10338707779,79674.21230208957,78105.61454061579,76064.1207710064,3,20
Poland,51,6413850.318150769,6466137.184108536,6504420.284399248,6455807.289492956,6313466.8359579425,6103930.426753119,5861009.392411484,3,22
Romania,52,2766674.9974600817,2736937.6329397294,2695439.4738051826,2629765.4519085824,2541980.74058704,2442631.4682198865,2339685.892510997,3,23
Serbia,53,1166040.763919062,1167270.7425631634,1175322.9767297802,1179130.4750579898,1171567.8456489148,1152062.9554787122,1121406.0602057865,3,24
Slovakia,54,779838.0953139114,796319.8359827924,812301.6931845095,817010.7167826118,810038.0485501981,794937.5869440556,776038.2188292379,3,25
Slovenia,55,402911.0780136095,408874.75631132,412798.5421419783,413449.7162709647,411753.4827043445,408529.6117943793,404724.71411657234,3,26
Belarus,57,1463364.883161896,1454588.7370071667,1457693.2169865863,1457650.1091099,1444564.688038217,1421864.1382970028,1395215.0707159822,3,28
Estonia,58,219424.18503696355,221349.48030053708,223936.17721649227,225256.8828496427,224852.9864479016,222809.66078391147,219606.32760724853,3,29
Latvia,59,325777.4398359621,316208.6098156147,306379.0374257739,295903.2428653888,283487.34296933876,269953.5125066372,256296.38153016445,3,30
Lithuania,60,481973.82194117375,470742.2019302959,456805.0925486122,440761.8203471476,421870.1668866503,400691.819435706,378235.51037620695,3,31
Republic of Moldova,61,485261.9698671553,490288.8661320174,492468.1702638979,484925.5721166225,466353.67426165065,438580.10338794405,405544.68188862177,3,32
Russian Federation,62,22296854.638843928,22466513.588469625,22694764.549829897,22741870.334420193,22648139.57031735,22479422.914541017,22304219.59496682,3,33
Ukraine,63,6409560.230748839,6375011.558389681,6311931.527319894,6179376.442220794,5970224.903350127,5698820.563105536,5389375.868103064,3,34
Brunei Darussalam,66,42460.55838389541,48484.19440081903,55678.243889758254,62040.817790867884,67024.99477269812,70276.44598342547,71652.73270351399,3,40
Japan,67,20072088.08800633,20190596.719999578,20077744.846307155,19750636.461523637,19254873.32768116,18661245.07559243,18047142.828316,3,41
Republic of Korea,68,6953476.998674784,7402872.368238139,7853157.077881338,8162547.11757761,8312129.984540744,8295611.356308074,8116027.148925216,3,89
Singapore,69,788837.3093658206,871865.2369752241,968417.2403459522,1051840.6102211569,1119994.748316358,1172457.7138150395,1212418.6274843407,3,90
Australia,71,3136689.8612380344,3335002.135602618,3588752.032576557,3846342.2567288866,4101333.5254533296,4347155.3962246645,4582594.568074928,3,37
New Zealand,72,843240.5164314323,900666.5656466752,972887.3875256648,1045747.363590574,1116734.0627893806,1183094.5576707502,1241951.8114874223,3,38
Andorra,74,13470.13980845141,14059.61606034056,14507.803289106128,14632.526166156187,14458.072830964107,14030.46472237447,13386.161919005714,3,151
Austria,75,1198999.7533980566,1238099.600659962,1282398.9203570096,1319598.06591395,1350860.7490396716,1374264.775197927,1387959.4292907992,3,152
Belgium,76,2309493.9418638423,2364129.897848555,2435288.333307325,2506484.65447411,2575856.1139945905,2639721.8951381925,2695933.993131451,3,153
Cyprus,77,162787.11440626948,175480.25011993485,189540.12624415976,201392.32514965063,210358.91623272363,216267.93349432305,219789.1091152163,3,154
Denmark,78,1564149.868946124,1606710.9565890727,1650936.4300730072,1688678.7783353266,1722352.5550749896,1755657.359655611,1788439.0597010637,3,155
Finland,79,1043319.5310506176,1054445.954890138,1071135.7833270058,1084609.8147665989,1092199.7669382452,1094064.4120127086,1091248.3732551374,3,156
France,80,6879080.797008914,7052778.657775413,7234698.310675054,7368266.40570716,7439371.95897466,7444310.550351086,7406999.113172824,3,157
Germany,81,19878956.982279304,20072408.138694573,20172238.80296503,20209541.637263443,20240157.372471992,20210335.48810137,20101851.132766142,3,158
Greece,82,1391412.4908040352,1386419.1933277484,1369446.776063826,1338538.365592986,1295156.2057637118,1242110.4776329994,1183600.0009689883,3,159
Iceland,83,42367.45933029037,45222.87565104814,48963.87932988089,52758.35963405295,56458.44686634328,59945.572960431666,63233.003175132035,3,160
Ireland,84,366284.8212751814,391160.282761546,420204.88617668377,446520.3002117027,469949.05457786424,491389.2023590237,512132.2750509065,3,161
Israel,85,900798.271224299,969416.676049958,1058596.9859822204,1146295.6786306591,1231666.7155786965,1316067.3780305283,1402327.924864896,3,162
Italy,86,9146806.597944405,9215145.297390576,9196923.25956938,9071115.472581204,8866676.264579292,8597505.914810074,8273006.36320051,3,163
Luxembourg,87,90679.88382972416,98169.23505835728,107369.1977698366,116619.39207050591,125826.56988095366,134807.68086262426,143466.27385905525,3,190
Malta,88,61176.12143277487,63975.26217879827,67200.36553698585,70087.38983199032,72606.28653528224,74883.85860672343,77150.62570892982,3,191
Netherlands,89,2179195.9711743523,2227015.1663311888,2273988.256678903,2310320.8008489395,2339011.229927338,2362141.076155267,2379143.2585708257,3,193
Norway,90,1117575.7849956302,1163965.5572858548,1218961.1739889896,1269222.453364164,1313556.236862719,1351454.1235283583,1382557.5594223584,3,194
Portugal,91,1413273.112368001,1440056.1272091188,1462428.2435933065,1472100.1315412745,1470586.6137317151,1461276.351350915,1447105.5297117934,3,206
Spain,92,1689390.7454360542,1766797.6099508074,1845584.265452614,1907080.0278021048,1952788.8190297063,1987222.1609016105,2014732.561016591,3,208
Sweden,93,1551094.9381592846,1617287.9125024714,1700813.0868358111,1784408.1944442787,1871486.4102658408,1965148.7187445988,2063360.841501878,3,209
Switzerland,94,1305038.5857333725,1370399.2188593447,1434431.5125566102,1486549.8954665218,1527379.568503441,1557324.0960347317,1576216.993900092,3,212
United Kingdom,95,5448250.443400851,5646989.324422596,5886831.742139191,6101530.579128833,6290840.647114536,6451916.433883382,6582201.187140229,3,213
Argentina,97,6260215.927709746,6669002.370228554,7174888.245782553,7637601.3671854995,8029215.681848503,8322739.309565845,8502982.257461319,3,147
Chile,98,3253543.595925125,3481516.764775739,3754145.6233492694,4007843.9782950487,4227914.194485071,4401227.05215622,4519785.582262855,3,148
Uruguay,99,681608.7958065652,695159.3420101026,716462.6435901365,734343.3146775261,746785.0622870253,751593.0362375029,747882.7700935958,3,149
Canada,101,7387513.3445359385,7779550.54820417,8259638.396437731,8728804.955565365,9171662.414434856,9581045.700596351,9962229.635509169,3,92
United States of America,102,42434308.29832275,43868349.970283456,45660085.50182847,47207058.99560487,48429378.38151037,49341202.55026144,50017619.49359919,3,94
Antigua and Barbuda,105,16880.43019230605,17830.922277584614,18852.373836952007,19627.896761907028,20134.53638670815,20355.56750829744,20307.65970489223,3,383
Bahamas,106,70351.95134792267,75136.25239955158,81109.28922417271,86619.29269439547,91169.32996981064,94354.08337071344,96077.64513174244,3,384
Barbados,107,58897.6941661933,59620.067038098394,60374.053675096686,60723.31420093068,60521.54840354897,59726.098890485904,58405.57524378531,3,385
Belize,108,53008.9731326889,60130.34923441528,70161.60117264035,81089.50917162276,92198.50987583982,102994.73273534788,113064.27216963502,3,386
Cuba,109,2149315.8634445947,2161279.217316569,2156903.1964565096,2131327.982521688,2091418.352933921,2034447.423830199,1957461.2740158269,3,388
Dominica,110,11171.571650976512,11543.757028355789,12095.89923645471,12632.169919020402,13050.056259161807,13276.800961181052,13276.855851317812,3,389
Dominican Republic,111,1591604.3194029522,1720091.843921817,1882675.806730037,2029608.8435142413,2157319.9648702852,2262838.7731272066,2345726.19180115,3,390
Grenada,112,17082.834124987658,17894.82505667553,18788.81066930357,19457.869583235493,19864.78421204672,19943.199043205725,19669.924800590277,3,391
Guyana,113,102094.24509885068,103628.25484296773,104858.96122876456,105018.77976203784,104868.58343747832,105053.86522758324,106158.28905321794,3,392
Haiti,114,1157289.9736009054,1279024.733110424,1437341.0177280535,1592872.7194666758,1740718.2027644797,1881614.0179013635,2015972.1525085391,3,393
Jamaica,115,427609.9036657156,454965.8659430823,489000.1323321192,517640.8686747819,537321.7341759928,545969.2465803474,542781.489158528,3,394
Saint Lucia,116,33010.45910233665,34574.96280229308,36256.714712934016,37598.428538764,38472.22609441259,38847.577705821226,38702.61571816556,3,397
Saint Vincent and the Grenadines,117,19070.73068633364,19432.53646326479,19836.432990217672,20108.57839026897,20229.13317894375,20177.631228061746,19969.555059833125,3,398
Suriname,118,93896.23452104378,99088.47531806889,105355.05225624437,111398.39634482448,116851.00955754668,121396.74483101776,124987.91803228574,3,399
Trinidad and Tobago,119,279988.0749371448,282212.51179802266,283253.8743235939,280382.9460500909,273287.800087493,261764.4579134631,246579.85752199593,3,400
Bolivia (Plurinational State of),121,1215094.847038315,1326553.8833395853,1485759.5223645794,1650053.361275137,1805333.339834965,1945750.554929112,2068700.2011817135,3,379
Ecuador,122,2128515.095821606,2332827.7040955615,2594419.6454072576,2850825.8442430184,3090539.87132197,3300786.446170207,3477051.326989901,3,380
Peru,123,4291795.894327363,4649253.271572491,5067791.371549532,5420518.598017291,5688363.220105067,5868397.5177026745,5970372.28917273,3,381
Colombia,125,7959558.2579596285,8632736.359503549,9478642.037111657,10254374.198770154,10925461.58653082,11461932.90269753,11846065.993984677,3,403
Costa Rica,126,791415.3892510951,853886.1475852283,926538.0399645318,990191.7027052104,1041351.272867323,1076979.5313525773,1095455.0660004283,3,404
El Salvador,127,823631.3151600831,870275.6859818806,922811.7590477052,963241.57138112525,987626.8005191716,992795.5826014768,977133.4125749676,3,405
Guatemala,128,1740575.828516585,1939100.9389763696,2203418.5336676883,2473118.6099523343,2730749.833157529,2961653.331923019,3156801.094438176,3,406
Honduras,129,1034410.4938609876,1160495.8682593163,1340432.4744042535,1533365.34141495,1727101.5963008816,1912320.7130142325,2081014.472956179,3,407
Mexico,130,19952694.20054634,21479359.900037304,23366231.485958856,25179895.09554274,26806118.19938887,28161623.298604425,29190498.23635134,3,408
Nicaragua,131,775270.40629689,863250.961838274,975816.9276632802,1081262.263197027,1174959.257352785,1252514.8175221242,1311419.319253912,3,441
Panama,132,674373.0264715502,737063.17136145,820558.4458017218,907836.5977281936,996177.998915578,1082360.864819494,1163521.9445925886,3,442
Venezuela (Bolivarian Republic of),133,4263516.064805544,4271518.1451014,4332311.306680801,4347443.264769938,4314142.583928309,4241832.696302933,4142946.654976026,3,443
Brazil,135,31757122.68716929,33780878.568991184,36026886.2924187,37813557.37377524,39107710.77368568,39970940.07520926,40497003.69342759,3,445
Paraguay,136,819556.3047056021,894794.0826801979,997184.1958069068,1093889.3273220868,1178023.8751731468,1244738.8234996477,1291907.8286403758,3,478
Algeria,139,5119711.744500701,5677790.523327795,6343836.37621152,6969324.055717611,7542650.687304984,8062115.713461321,8522739.553044595,3,482
Bahrain,140,239785.9780652389,276657.0869141307,321239.31179626,362631.2818254389,399257.9835004291,430078.46237185854,454274.15575497143,3,483
Egypt,141,9941893.96291807,11090398.299941996,12630045.476630772,14268669.42862202,15971979.29810433,17727186.392325405,19528032.698355336,3,484
Iran (Islamic Republic of),142,11963221.80695825,13290103.672583409,14889646.274232345,16311899.35484891,17513389.410990074,18443214.434918538,19113165.768022355,3,485
Iraq,143,4058385.967840565,4591351.750685479,5344901.1964271255,6151200.707610855,6984417.215203237,7815180.015409914,8611515.477031993,3,517
Jordan,144,1226573.7796648997,1442041.1419595643,1744889.6987522887,2083216.817138694,2446065.292842356,2821618.9658037275,3202255.90493181,3,518
Kuwait,145,808329.8302864871,941566.2360588012,1093497.687638117,1230853.7771152249,1350542.9926308768,1452602.4503702926,1536485.32037096,3,519
Lebanon,146,710801.9697019081,766920.0489899705,841122.9238913136,910836.5931880814,968562.3573512206,1009112.7914908098,1031749.150434524,3,520
Libya,147,834968.2942105451,925354.6718553128,1028439.193228742,1112046.8088942731,1169866.9047644364,1200706.684489532,1205049.7371244745,3,521
Morocco,148,5470005.114540824,5847984.608685138,6313132.340955401,6746716.038622059,7123479.680314595,7433128.379243624,7668288.819431146,3,522
Palestine,149,375812.4453540229,429583.42303999147,506131.9475674648,589811.2441366785,676488.3865525393,760317.925419213,837583.8699811543,3,524
Oman,150,615680.5874973849,730985.2877984161,872564.0028593959,1007323.068552445,1128068.9992804194,1233415.8718911123,1322858.0595363553,3,523
Qatar,151,543947.1059828217,687966.1083235875,871369.7717006878,1056449.3786414596,1238903.1101280877,1414449.0044403092,1580514.534492931,3,525
Saudi Arabia,152,3389775.8136177068,4012486.7751539666,4746175.456039672,5389504.866663496,5904585.060978217,6273183.446491663,6503922.120297493,3,526
Syrian Arab Republic,153,1478696.3217467463,1568925.832562637,1678918.3037314652,1788610.9227660364,1897470.2350430244,2008882.5235295335,2122372.5483122594,3,528
Tunisia,154,1611847.252046877,1718822.0133980592,1840679.0496550673,1943298.4078430224,2018042.9852896968,2065046.356431524,2085662.2467849704,3,529
Türkiye,155,12670144.619769208,13466071.684374854,14381549.756778684,15131806.854028132,15687766.665177776,16025086.552187871,16149306.885209585,3,530
United Arab Emirates,156,2016734.2741167948,2379549.7476691515,2788339.2718513217,3160807.9169063424,3494188.542519588,3791016.241795663,4055618.732380604,3,531
Yemen,157,2203511.5229242267,2559578.007992711,3091364.5737694264,3702051.645720169,4371927.947214329,5084604.813255044,5827251.431431993,3,532
Afghanistan,160,1432631.8243276954,1674909.9602116682,2045328.854668421,2499534.9108449016,3052589.856720268,3719245.2721438822,4492759.676750907,3,481
Bangladesh,161,30518640.826063085,33455501.144755613,37176320.213754505,40753975.67245814,44009559.62928321,46758762.207694516,48855441.23002693,3,535
Bhutan,162,152537.66911428643,168536.56337837133,188455.08836057823,207298.59675557696,224128.21348908424,238404.11549050573,249723.3856908382,3,536
India,163,238128486.9663244,260242887.67733377,288735905.9182578,316041445.5512062,340450182.7994606,360668038.9978243,375994346.3053084,3,537
Nepal,164,3504886.4327219604,3846865.645771044,4324298.942002082,4798465.780346019,5247162.201978637,5645317.964546786,5968078.116760892,3,538
Pakistan,165,40838387.01605196,45389550.23762336,51345112.33128557,57540658.87408466,63777116.90557509,69752491.30189702,75115172.83109125,3,539
Angola,168,2222931.960623467,2591535.002010862,3155450.2672355743,3853909.504971664,4695818.766232261,5677248.589994224,6790503.031755365,3,703
Central African Republic,169,281303.57452475175,299325.09441869747,332290.02668818086,372420.2243261441,417203.68562731607,465070.29764964274,514840.55434812006,3,704
Congo,170,476336.3744761232,534162.8434850719,616129.7904860252,706968.2132440757,803957.5341524299,902481.1754238782,999983.4699658316,3,705
Democratic Republic of the Congo,171,4687390.51888179,5376787.883425838,6454269.903464249,7743808.807726361,9243037.632045723,10920978.93588262,12740280.755532302,3,706
Equatorial Guinea,172,130973.96534133196,161347.02102062642,208379.02929585119,265088.6126699362,329667.866825156,399523.95966567023,473464.3003026844,3,707
Gabon,173,190323.24069927688,212713.0311091024,246449.70038452736,285224.9498910644,328017.85027546325,373624.3437463536,420443.0512040389,3,708
Burundi,175,660630.7399744887,756553.5090523877,913057.2738806622,1103673.980962494,1323685.1283006934,1572791.516088902,1853143.775172851,3,710
Comoros,176,67331.90023624565,74543.52293525026,83803.47717347911,93277.47653485578,102595.58131252644,111374.60173128123,119263.45785703008,3,711
Djibouti,177,119958.96039767293,139004.47838414653,166131.24578091188,195843.3703097996,227536.64225151093,260093.8528346275,292729.77837601904,3,712
Eritrea,178,452056.2229867384,509325.9078285124,590660.0680992835,678644.1258316807,771915.2875791918,867800.6714117595,965979.3968795098,3,713
Ethiopia,179,12587645.176111933,14869954.174578616,18378583.498568207,22442283.63395493,26936114.602890544,31857722.609594777,37177523.765036985,3,714
Kenya,180,6444965.738363791,7405668.181230971,8800236.085384423,10356009.359433496,11974416.49483994,13560450.96880494,15065780.971202822,3,726
Madagascar,181,711061.3738792305,817611.4895634168,984746.5331127977,1186329.116384758,1414282.9876372977,1665009.6266396488,1934307.501725757,3,774
Malawi,182,1057443.3374276203,1217975.9981519275,1484179.5944695375,1811729.2001202807,2185754.0219609467,2597085.8765168176,3036038.5513067315,3,775
Mauritius,183,132063.09305068533,138097.13199433405,144267.7239533642,148430.13501190726,150616.02391344777,150912.43317654042,149457.6354732967,3,611
Mozambique,184,1628725.308373333,1867493.7184372544,2265869.7413127036,2762074.721223314,3357333.2781424113,4045937.6693610814,4822931.865013886,3,776
Rwanda,185,961840.2815076635,1129988.121631031,1383900.8977684714,1680705.3407086874,2019064.611088086,2393406.0402501184,2803435.251299941,3,777
Seychelles,186,10534.845133557646,11510.468938924132,12688.179090032923,13779.38698301783,14742.814973821674,15574.27602318226,16291.32615586335,3,696
Somalia,187,687293.0138055045,790145.4006046541,941104.5634959586,1119304.0937365608,1329764.9502392944,1579394.699360522,1868250.1627434832,3,778
United Republic of Tanzania,189,4050068.691186382,4695261.048162263,5626410.556586547,6720339.628245323,7964807.89431505,9352795.236189548,10870014.737128405,3,781
Uganda,190,2407142.285581619,2868052.1557220817,3590501.3591994676,4483032.539271499,5539978.238577803,6752150.749421868,8100500.80923937,3,780
Zambia,191,1329334.7417361776,1552881.3963836664,1905937.6163169104,2333400.9860999235,2828184.404292026,3376852.5222356576,3967975.2033464783,3,782
Botswana,193,92047.502320011,102081.8683418115,117154.41727596815,133501.0649377453,149777.19231865133,165443.9335383741,180206.20855002975,3,784
Lesotho,194,68995.2937325827,72348.33996738812,79701.06813322903,89001.49931357529,99616.58972554524,110817.41212608622,121945.18690010754,3,786
Namibia,195,117594.7008302537,130080.11385504456,149957.4728498851,172810.62939191412,197514.93794126983,223208.59349691716,248942.8592217545,3,787
South Africa,196,3142213.785157784,3397226.633198434,3777804.8611683273,4171047.5295035047,4549388.547688427,4893906.894982918,5200934.802623019,3,788
Eswatini,197,50785.248153058215,54303.7363620002,60757.64929301254,68577.18196404842,76855.52805331358,85004.29495742715,92616.67194802982,3,785
Zimbabwe,198,457883.29995925113,496592.2780071504,565394.8952034351,646821.1897598429,735283.6740464192,829597.0476594211,927432.4642124654,3,798
Benin,200,1556702.6939554017,1814142.018025478,2207928.1483950247,2685474.3266399777,3246878.833533781,3891662.744336542,4620097.358822736,3,800
Burkina Faso,201,3394559.413073991,3902045.42543569,4677766.473334448,5625689.906957545,6764288.411205793,8106765.7090492435,9643021.463429064,3,801
Cameroon,202,5235971.553991871,6031369.516114161,7203550.940903581,8544425.684777457,9996290.765597774,11506359.329977814,13051148.468006058,3,803
Cabo Verde,203,140190.53401015903,152207.68560157923,167494.13361415916,181494.6603972845,193161.97346491917,201827.12843983076,207185.38361185408,3,802
Chad,204,1699563.0937202785,2004246.5311127924,2498063.551072461,3133344.4635227043,3933118.685118866,4932673.957470356,6171973.28364803,3,804
Côte d'Ivoire,205,3726629.747495429,4269639.925751155,5025110.281740267,5871945.0068016285,6801438.218823554,7801192.027977736,8850048.895371906,3,805
Gambia,206,431119.578472712,491085.6573804997,573777.7533385004,663243.8382172835,758853.3594550736,857129.0842502381,955966.7924145098,3,806
Ghana,207,6550037.630533327,7381549.661387159,8550429.151558949,9843826.051706024,11208309.954903008,12575506.91015102,13898333.885579556,3,807
Guinea,208,2029047.422214966,2328532.001733776,2792789.641164874,3344610.026518859,3967550.852682021,4657433.547198325,5407368.143457108,3,808
Guinea-Bissau,209,232221.36198167247,266051.18245533464,318728.88837224385,382017.9956876417,452720.9351415808,530076.983956243,611780.7856411698,3,809
Liberia,210,871727.5586457636,1000445.745404064,1188967.2925993605,1397441.164425437,1616756.5086123492,1841012.0103126883,2066915.384912928,3,810
Mali,211,3371384.717507725,3916880.4785618,4769535.70270513,5821096.539108917,7087973.450810306,8593726.450444119,10355900.543915424,3,811
Mauritania,212,569769.7993997753,651547.2886349584,773049.1985202385,913443.6613076254,1067567.6526333664,1232077.258999057,1402194.9481061618,3,812
Niger,213,1008497.9694470438,1191487.6014726916,1479557.8242624025,1846079.4081057184,2305493.3141660863,2876301.020439184,3579086.572706707,3,813
Nigeria,214,7420694.124049625,8635666.67504905,10484098.463451976,12706406.168730589,15304935.794444604,18272014.81198152,21569572.791299883,3,814
Sao Tome and Principe,215,32361.930699262823,35735.556093260544,40018.65616458967,44157.81605468707,47833.733292039586,50781.956227800634,52854.20837903227,3,815
Senegal,216,2103346.865605223,2405864.7721658144,2847065.373325902,3345483.633900867,3890086.6357938703,4471765.428503857,5077994.871642927,3,816
Sierra Leone,217,1715067.1841992252,1965644.511698344,2317463.3854561993,2712401.759035023,3151399.988586554,3612875.9936323976,4082803.321023527,3,817
Togo,218,1067984.7483185865,1210984.985530291,1417173.6617576608,1649532.3329974725,1900622.451528929,2159979.784965918,2420647.3723949497,3,818
American Samoa,298,6625.530563575183,6995.440329082537,7398.489949984423,7811.225549715876,8264.523515076053,8759.237771066302,9268.015863703462,3,553
Bermuda,305,16835.4781498904,16753.157572472595,16545.01874242916,16183.153150636595,15661.134243148605,14994.434507839827,14212.573711411049,3,387
Cook Islands,320,784.7976009538482,814.5043313098388,846.5997166237453,875.9849247397558,902.3153124026148,925.3440934181224,943.9235778315712,3,554
Greenland,349,7920.72938046365,8322.014340571,8786.356511167145,9172.75342829212,9456.86792942132,9626.497982966328,9689.71573066913,3,93
Guam,351,7222.254782262064,7553.722701788718,7929.016311581944,8268.936363943729,8555.317842660463,8778.000443372057,8928.681714002305,3,556
Monaco,367,7318.8447504059,7153.608418997212,6903.339222008386,6600.452799502594,6274.030875092654,5945.334992895344,5618.385521056175,3,192
Nauru,369,202.84217705737595,224.98097711413172,256.77648736838614,292.3717059491911,331.36068069293515,373.0726899349102,416.84503953341766,3,560
Niue,374,56.58983217899986,57.97875506343949,59.510331711399594,61.01171235381136,62.492819262209146,64.01365607665637,65.58566996187056,3,561
Northern Mariana Islands,376,1921.648833467492,2060.1618300844943,2194.318640302233,2291.5280398101377,2357.8641757445284,2400.3335285345865,2426.8983110150016,3,562
Palau,380,699.3052164762022,731.9466220468344,756.461323585849,761.9281308214164,751.3335623868192,729.9741101078116,702.751825665874,3,563
Puerto Rico,385,729776.9050306969,728117.1413661283,722074.7063672397,709447.8802752061,688110.7602804488,658017.9720536565,620760.3992988226,3,395
Saint Kitts and Nevis,393,11685.385141775168,12147.722488190417,12667.921843309246,12992.081216426915,13082.464550395003,12947.104036572307,12617.604770759666,3,396
San Marino,396,4870.822994694119,5017.6421454405,5106.569457437056,5123.302976590647,5087.1581335603505,5007.703353248688,4885.636909779007,3,207
Tokelau,413,34.68206237664927,36.71118761910669,39.336685451465016,42.26267740615926,45.45959434343226,48.78253853289988,52.07217651951133,3,567
Tuvalu,416,235.62230193798885,253.0618919732151,276.76992196105095,302.8555577434592,331.1929723640858,361.5246881196972,393.242364900004,3,569
United States Virgin Islands,422,20275.658561184817,19850.982875259615,19230.013992491597,18510.47940127841,17674.843734163813,16771.359704732837,15846.30353996633,3,401
South Sudan,435,596853.9020473176,672765.8752374534,799620.621329302,956123.4745523588,1144248.5364472969,1370036.5155860905,1641276.7923961997,3,779
Sudan,522,2555375.594445141,2987321.0516140093,3613789.5598022826,4326374.858045769,5104081.529672201,5907508.115348964,6705200.472838386,3,527
